1.00 4.972e-5 3.838e-5 2.760e-5 1.082e-5 3.122e-6 2.627e-5 0.0 0.0 0.0 0.0 0.0
1.10 7.186e-5 5.531e-5 4.116e-5 1.576e-5 4.414e-6 3.490e-5 0.0 0.0 0.0 0.0 0.0
1.20 7.830e-5 6.048e-5 4.529e-5 1.742e-5 4.795e-6 3.778e-5 0.0 0.0 0.0 0.0 0.0
1.25 8.571e-5 6.600e-5 5.063e-5 1.920e-5 5.182e-6 3.795e-5 0.0 0.0 0.0 0.0 0.0
1.30 1.013e-4 7.811e-5 6.007e-5 2.280e-5 6.106e-6 4.413e-5 0.0 0.0 0.0 0.0 0.0
1.40 1.084e-4 8.355e-5 6.393e-5 2.448e-5 6.629e-6 5.319e-5 0.0 0.0 0.0 0.0 0.0
1.50 1.247e-4 9.559e-5 7.359e-5 2.804e-5 7.678e-6 6.819e-5 0.0 0.0 1.009e-5 8.351e-5 4.482e-7
1.60 1.377e-4 1.049e-4 8.138e-5 3.094e-5 8.542e-6 8.295e-5 0.0 0.0 9.311e-7 1.147e-5 1.356e-6
1.70 6.938e-5 3.016e-5 8.386e-5 1.832e-5 1.915e-5 2.593e-4 0.0 0.0 1.798e-5 2.346e-4 1.979e-7
1.80 1.097e-5 8.462e-6 7.290e-6 2.733e-6 6.504e-7 4.265e-6 1.167e-4 3.145e-9 5.149e-5 4.325e-4 5.524e-5
1.90 1.130e-5 8.715e-6 7.354e-6 2.783e-6 6.754e-7 4.843e-6 0.0 8.338e-7 9.924e-5 9.462e-4 1.389e-5
2.00 1.143e-5 8.817e-6 7.597e-6 2.897e-6 6.928e-7 5.458e-6 0.0 0.0 2.133e-4 1.849e-3 8.450e-5
2.10 8.374e-6 6.165e-6 6.267e-6 2.458e-6 6.379e-7 6.252e-6 0.0 0.0 2.112e-4 2.686e-3 9.150e-6
2.20 6.073e-6 3.488e-6 5.872e-6 1.549e-6 1.066e-6 1.035e-5 0.0 0.0 2.184e-4 3.652e-3 3.750e-6
2.30 2.114e-9 2.026e-9 1.023e-9 0.0 0.0 1.968e-9 3.523e-5 0.0 2.366e-4 4.655e-3 2.680e-6
2.40 1.208e-9 1.048e-9 1.113e-9 0.0 0.0 2.327e-9 0.0 0.0 2.411e-4 5.677e-3 3.488e-6
2.50 0.0 0.0 0.0 0.0 0.0 0.0 0.0 0.0 2.634e-4 6.506e-3 6.127e-6
3.00 0.0 0.0 0.0 0.0 0.0 0.0 0.0 0.0 3.258e-4 1.338e-2 2.450e-7
3.50 0.0 0.0 0.0 0.0 0.0 0.0 0.0 0.0 4.328e-4 8.747e-3 8.492e-7
4.00 0.0 0.0 0.0 0.0 0.0 1.038e-9 0.0 0.0 6.015e-4 6.385e-3 6.446e-6
4.01 0.0 0.0 0.0 0.0 0.0 1.029e-9 0.0 0.0 6.030e-4 6.465e-3 6.272e-6
4.50 5.104e-4 3.923e-4 4.112e-4 1.467e-4 2.628e-5 1.141e-4 0.0 3.620e-5 1.897e-5 9.433e-5 1.195e-6
5.00 5.590e-4 4.283e-4 4.723e-4 1.665e-4 2.809e-5 1.137e-4 3.314e-6 9.557e-6 2.855e-5 8.266e-5 1.742e-5
5.50 6.023e-4 4.596e-4 5.356e-4 1.866e-4 2.972e-5 1.163e-4 0.0 1.836e-5 2.789e-5 8.240e-5 1.308e-5
6.00 6.412e-4 4.876e-4 5.970e-4 2.056e-4 3.100e-5 1.165e-4 8.729e-7 9.972e-6 2.486e-5 7.776e-5 1.870e-5
6.50 6.759e-4 5.126e-4 6.566e-4 2.238e-4 3.206e-5 1.159e-4 1.395e-6 1.288e-5 2.694e-5 8.094e-5 1.715e-5
7.00 7.087e-4 5.357e-4 7.164e-4 2.417e-4 3.313e-5 1.166e-4 1.720e-6 1.871e-5 2.819e-5 7.782e-5 1.235e-5