1.00 0.0 0.0 0.0 0.0 0.0 0.0 0.0 0.0 0.0 0.0 0.0
1.10 0.0 0.0 0.0 0.0 0.0 0.0 0.0 0.0 0.0 1.486e-6 0.0
1.20 0.0 0.0 0.0 0.0 0.0 0.0 0.0 0.0 2.554e-8 2.259e-4 0.0
1.25 0.0 0.0 0.0 0.0 0.0 0.0 0.0 0.0 7.297e-8 5.476e-4 0.0
1.30 0.0 0.0 0.0 0.0 0.0 0.0 0.0 0.0 9.196e-8 7.373e-4 0.0
1.40 0.0 0.0 0.0 0.0 0.0 0.0 0.0 0.0 1.226e-7 1.164e-3 0.0
1.50 0.0 0.0 0.0 0.0 0.0 0.0 0.0 0.0 1.652e-7 1.700e-3 0.0
1.60 0.0 0.0 0.0 0.0 0.0 0.0 0.0 0.0 1.949e-7 2.442e-3 0.0
1.70 0.0 0.0 0.0 0.0 0.0 0.0 0.0 0.0 2.053e-7 3.175e-3 0.0
1.80 0.0 0.0 0.0 0.0 0.0 0.0 0.0 0.0 2.349e-7 4.090e-3 0.0
1.90 0.0 0.0 0.0 0.0 0.0 0.0 0.0 0.0 2.587e-7 5.151e-3 0.0
2.00 0.0 0.0 0.0 0.0 0.0 0.0 0.0 0.0 2.830e-7 5.589e-3 0.0
2.10 0.0 0.0 0.0 0.0 0.0 0.0 0.0 0.0 2.881e-7 6.268e-3 0.0
2.20 0.0 0.0 0.0 0.0 0.0 0.0 0.0 0.0 3.391e-7 6.850e-3 0.0
2.30 0.0 0.0 0.0 0.0 0.0 0.0 0.0 0.0 3.454e-7 7.532e-3 0.0
2.40 0.0 0.0 0.0 0.0 0.0 0.0 0.0 0.0 3.793e-7 7.909e-3 0.0
2.50 0.0 0.0 0.0 0.0 0.0 0.0 2.350e-8 0.0 3.990e-7 8.647e-3 0.0
3.00 0.0 0.0 0.0 0.0 0.0 0.0 0.0 0.0 6.012e-7 1.429e-2 1.095e-9
3.50 0.0 0.0 0.0 0.0 0.0 0.0 0.0 0.0 1.128e-6 8.011e-3 1.799e-9
4.00 0.0 0.0 0.0 0.0 0.0 0.0 0.0 0.0 1.595e-6 1.063e-2 2.083e-9
4.01 0.0 0.0 0.0 0.0 0.0 0.0 0.0 0.0 1.605e-6 1.068e-2 2.087e-9
4.50 2.032e-7 1.530e-7 1.003e-7 4.704e-8 1.900e-8 2.632e-7 0.0 0.0 3.989e-7 4.100e-4 1.686e-8
5.00 2.709e-7 1.972e-7 1.332e-7 5.893e-8 2.452e-8 3.292e-7 0.0 0.0 4.525e-7 4.018e-4 2.418e-8
5.50 3.042e-7 2.151e-7 1.514e-7 6.360e-8 2.778e-8 3.682e-7 0.0 2.681e-9 5.197e-7 4.075e-4 3.039e-8
6.00 3.462e-7 2.398e-7 1.742e-7 7.091e-8 3.200e-8 4.256e-7 0.0 0.0 5.530e-7 4.098e-4 2.775e-8
6.50 3.944e-7 2.700e-7 1.983e-7 7.935e-8 3.657e-8 4.867e-7 0.0 1.574e-9 6.357e-7 4.219e-4 3.861e-8
7.00 4.524e-7 3.073e-7 2.275e-7 9.031e-8 4.210e-8 5.641e-7 0.0 2.388e-9 6.819e-7 4.251e-4 3.691e-8