1.00 1.416e-4 1.103e-4 8.849e-5 3.324e-5 7.925e-6 5.077e-5 0.0 0.0 0.0 0.0 0.0
1.10 1.740e-4 1.358e-4 1.092e-4 4.139e-5 9.785e-6 6.522e-5 0.0 0.0 0.0 0.0 0.0
1.20 2.194e-4 1.712e-4 1.411e-4 5.292e-5 1.209e-5 7.449e-5 0.0 0.0 0.0 0.0 0.0
1.25 2.532e-4 1.979e-4 1.624e-4 6.118e-5 1.400e-5 8.641e-5 0.0 0.0 0.0 0.0 0.0
1.30 2.396e-4 1.875e-4 1.554e-4 5.855e-5 1.318e-5 7.955e-5 0.0 0.0 0.0 0.0 0.0
1.40 2.788e-4 2.178e-4 1.849e-4 6.915e-5 1.517e-5 9.015e-5 0.0 0.0 0.0 0.0 0.0
1.50 3.214e-4 2.523e-4 2.115e-4 8.031e-5 1.770e-5 1.144e-4 0.0 0.0 0.0 0.0 0.0
1.60 3.297e-4 2.584e-4 2.198e-4 8.282e-5 1.802e-5 1.093e-4 9.297e-6 1.678e-6 0.0 0.0 0.0
1.70 3.470e-4 2.712e-4 2.338e-4 8.786e-5 1.908e-5 1.276e-4 0.0 0.0 1.673e-5 1.200e-4 2.483e-7
1.80 3.659e-4 2.850e-4 2.506e-4 9.347e-5 2.015e-5 1.387e-4 0.0 0.0 1.897e-5 5.696e-5 3.038e-5
1.90 3.516e-4 2.500e-4 3.070e-4 1.118e-4 2.626e-5 2.586e-4 0.0 0.0 3.244e-5 2.813e-4 3.029e-7
2.00 2.427e-4 1.765e-4 1.882e-4 7.070e-5 1.621e-5 1.681e-4 0.0 0.0 2.934e-5 4.076e-4 1.361e-4
2.10 3.251e-5 2.440e-5 3.027e-5 1.111e-5 2.169e-6 1.533e-5 0.0 7.873e-5 2.168e-4 8.662e-4 2.598e-4
2.20 2.498e-5 1.978e-5 1.888e-5 7.149e-6 1.366e-6 8.374e-6 8.014e-5 4.558e-6 2.580e-4 1.393e-3 1.314e-4
2.30 7.373e-6 5.596e-6 4.535e-6 1.670e-6 4.370e-7 3.462e-6 5.662e-5 0.0 3.925e-4 2.465e-3 9.564e-5
2.40 2.238e-9 2.086e-9 1.169e-9 0.0 0.0 1.875e-9 2.494e-5 0.0 6.101e-4 4.675e-3 1.478e-4
2.50 0.0 0.0 0.0 0.0 0.0 0.0 2.647e-5 0.0 6.391e-4 5.490e-3 3.434e-5
3.00 0.0 0.0 0.0 0.0 0.0 0.0 0.0 0.0 7.337e-4 1.210e-2 2.153e-6
3.50 0.0 0.0 0.0 0.0 0.0 1.383e-9 0.0 0.0 9.519e-4 1.091e-2 5.244e-6
4.00 1.711e-9 1.486e-9 1.072e-9 0.0 0.0 2.688e-9 0.0 0.0 1.218e-3 9.796e-3 1.685e-5
4.01 1.717e-9 1.493e-9 1.075e-9 0.0 0.0 2.674e-9 0.0 0.0 1.225e-3 9.851e-3 1.703e-5
4.50 8.636e-4 6.707e-4 9.145e-4 3.179e-4 3.820e-5 1.205e-4 7.352e-8 7.790e-5 2.049e-5 4.291e-5 1.323e-6
5.00 9.340e-4 7.230e-4 1.045e-3 3.595e-4 4.067e-5 1.248e-4 2.058e-7 5.354e-5 2.458e-5 2.435e-5 6.630e-6
5.50 9.913e-4 7.630e-4 1.174e-3 3.987e-4 4.318e-5 1.346e-4 0.0 3.654e-5 1.960e-5 4.102e-5 3.937e-6
6.00 1.037e-3 7.982e-4 1.292e-3 4.363e-4 4.389e-5 1.256e-4 4.083e-6 3.305e-5 2.678e-5 3.825e-5 1.410e-5
6.50 1.084e-3 8.313e-4 1.421e-3 4.753e-4 4.576e-5 1.313e-4 2.233e-6 2.861e-5 2.831e-5 3.600e-5 1.681e-5
7.00 1.123e-3 8.611e-4 1.544e-3 5.135e-4 4.679e-5 1.285e-4 3.430e-6 2.150e-5 2.761e-5 3.458e-5 2.929e-5