1.00 0.0 0.0 0.0 0.0 0.0 0.0 0.0 0.0 0.0 0.0 0.0
1.10 0.0 0.0 0.0 0.0 0.0 0.0 0.0 0.0 0.0 4.124e-6 0.0
1.20 0.0 0.0 0.0 0.0 0.0 0.0 0.0 0.0 0.0 3.585e-4 0.0
1.25 0.0 0.0 0.0 0.0 0.0 0.0 0.0 0.0 0.0 5.976e-4 0.0
1.30 0.0 0.0 0.0 0.0 0.0 0.0 0.0 0.0 0.0 8.878e-4 0.0
1.40 0.0 0.0 0.0 0.0 0.0 0.0 0.0 0.0 0.0 1.298e-3 0.0
1.50 0.0 0.0 0.0 0.0 0.0 0.0 0.0 0.0 0.0 1.985e-3 0.0
1.60 0.0 0.0 0.0 0.0 0.0 0.0 0.0 0.0 0.0 2.520e-3 0.0
1.70 0.0 0.0 0.0 0.0 0.0 0.0 0.0 0.0 0.0 3.159e-3 0.0
1.80 0.0 0.0 0.0 0.0 0.0 0.0 0.0 0.0 1.122e-9 3.827e-3 0.0
1.90 0.0 0.0 0.0 0.0 0.0 0.0 0.0 0.0 1.221e-9 4.209e-3 0.0
2.00 0.0 0.0 0.0 0.0 0.0 0.0 0.0 0.0 1.367e-9 4.538e-3 0.0
2.10 0.0 0.0 0.0 0.0 0.0 0.0 0.0 0.0 1.483e-9 4.799e-3 0.0
2.20 0.0 0.0 0.0 0.0 0.0 0.0 0.0 0.0 1.629e-9 5.096e-3 0.0
2.30 0.0 0.0 0.0 0.0 0.0 0.0 0.0 0.0 1.748e-9 5.416e-3 0.0
2.40 0.0 0.0 0.0 0.0 0.0 0.0 0.0 0.0 1.895e-9 5.687e-3 0.0
2.50 0.0 0.0 0.0 0.0 0.0 0.0 0.0 0.0 2.035e-9 5.788e-3 0.0
3.00 0.0 0.0 0.0 0.0 0.0 0.0 0.0 0.0 3.006e-9 6.997e-3 0.0
3.50 0.0 0.0 0.0 0.0 0.0 0.0 0.0 0.0 3.842e-9 9.751e-3 0.0
4.00 0.0 0.0 0.0 0.0 0.0 0.0 0.0 0.0 4.802e-9 1.283e-2 0.0
4.01 0.0 0.0 0.0 0.0 0.0 0.0 0.0 0.0 4.825e-9 1.286e-2 0.0
4.50 1.318e-9 0.0 0.0 0.0 0.0 1.308e-9 0.0 0.0 2.185e-9 5.789e-4 0.0
5.00 1.744e-9 0.0 1.252e-9 0.0 0.0 1.699e-9 0.0 0.0 2.407e-9 5.812e-4 0.0
5.50 2.203e-9 0.0 1.557e-9 0.0 0.0 2.100e-9 0.0 0.0 2.454e-9 5.903e-4 0.0
6.00 2.698e-9 0.0 1.875e-9 0.0 0.0 2.525e-9 0.0 0.0 2.537e-9 5.968e-4 0.0
6.50 3.234e-9 0.0 2.215e-9 0.0 0.0 2.981e-9 0.0 0.0 2.743e-9 6.158e-4 0.0
7.00 3.795e-9 0.0 2.574e-9 0.0 0.0 3.467e-9 0.0 0.0 2.904e-9 6.266e-4 0.0