1.00 7.962e-4 6.493e-4 4.946e-4 1.988e-4 4.265e-5 2.709e-4 0.0 0.0 0.0 0.0 0.0
1.10 1.118e-3 9.171e-4 6.973e-4 2.841e-4 5.995e-5 3.824e-4 0.0 0.0 0.0 0.0 0.0
1.20 1.312e-3 1.077e-3 8.322e-4 3.371e-4 6.966e-5 4.332e-4 0.0 0.0 0.0 0.0 0.0
1.25 1.303e-3 1.072e-3 8.409e-4 3.411e-4 6.869e-5 4.324e-4 0.0 0.0 0.0 0.0 0.0
1.30 1.405e-3 1.160e-3 9.183e-4 3.734e-4 7.339e-5 4.522e-4 0.0 0.0 0.0 0.0 0.0
1.40 1.576e-3 1.299e-3 1.062e-3 4.264e-4 8.021e-5 4.497e-4 0.0 0.0 0.0 0.0 0.0
1.50 1.715e-3 1.415e-3 1.175e-3 4.698e-4 8.648e-5 4.710e-4 0.0 0.0 0.0 0.0 0.0
1.60 1.808e-3 1.496e-3 1.270e-3 5.077e-4 9.044e-5 5.005e-4 0.0 0.0 0.0 0.0 0.0
1.70 2.038e-3 1.693e-3 1.447e-3 5.813e-4 1.014e-4 5.593e-4 0.0 0.0 0.0 0.0 0.0
1.80 2.017e-3 1.657e-3 1.492e-3 5.833e-4 9.774e-5 4.895e-4 0.0 0.0 0.0 0.0 0.0
1.90 2.117e-3 1.740e-3 1.600e-3 6.237e-4 1.015e-4 4.975e-4 0.0 0.0 0.0 0.0 0.0
2.00 2.371e-3 1.959e-3 1.788e-3 7.046e-4 1.146e-4 5.901e-4 0.0 0.0 0.0 0.0 0.0
2.10 2.129e-3 1.703e-3 1.981e-3 7.579e-4 1.047e-4 5.523e-4 0.0 0.0 4.692e-5 4.709e-4 4.094e-7
2.20 1.984e-3 1.644e-3 2.021e-3 7.606e-4 8.520e-5 4.344e-4 0.0 3.409e-4 1.256e-5 3.706e-4 2.403e-8
2.30 1.608e-3 1.183e-3 2.429e-3 8.830e-4 8.978e-5 5.910e-4 0.0 0.0 1.390e-4 6.324e-4 5.151e-4
2.40 4.971e-4 3.744e-4 6.920e-4 2.600e-4 2.753e-5 2.087e-4 3.967e-3 4.553e-8 5.922e-5 8.619e-4 1.399e-3
2.50 5.073e-5 3.269e-5 1.064e-4 3.147e-5 3.924e-6 3.041e-5 1.851e-3 2.419e-3 2.513e-4 7.544e-4 3.122e-5
3.00 5.884e-9 5.412e-9 3.584e-9 2.293e-9 0.0 9.373e-9 0.0 2.536e-8 2.981e-3 9.306e-3 2.308e-3
3.50 5.893e-9 5.374e-9 3.850e-9 2.458e-9 0.0 1.178e-8 0.0 1.908e-8 3.484e-3 1.489e-2 4.698e-4
4.00 9.763e-9 9.002e-9 6.214e-9 4.020e-9 1.484e-9 2.010e-8 0.0 2.990e-8 4.130e-3 1.816e-2 3.550e-4
4.01 9.811e-9 9.057e-9 6.223e-9 4.032e-9 1.482e-9 2.007e-8 0.0 2.968e-8 4.115e-3 1.786e-2 3.624e-4
4.50 3.075e-3 2.464e-3 4.976e-3 1.700e-3 1.202e-4 3.029e-4 0.0 0.0 7.947e-6 1.619e-4 3.310e-7
5.00 3.063e-3 2.453e-3 5.778e-3 1.957e-3 1.116e-4 3.233e-4 0.0 0.0 0.0 0.0 0.0
5.50 2.915e-3 2.338e-3 6.647e-3 2.234e-3 1.086e-4 3.551e-4 0.0 0.0 8.865e-6 3.758e-5 1.632e-5
6.00 2.853e-3 2.290e-3 7.441e-3 2.485e-3 1.119e-4 3.858e-4 0.0 0.0 1.748e-5 5.776e-6 7.898e-5
6.50 2.903e-3 2.340e-3 8.115e-3 2.707e-3 1.129e-4 3.731e-4 2.058e-5 3.143e-5 3.243e-6 1.354e-5 9.046e-6
7.00 2.940e-3 2.377e-3 8.838e-3 2.941e-3 1.160e-4 3.678e-4 1.150e-5 9.800e-5 0.0 0.0 0.0
