1.00 4.386e-4 3.512e-4 2.646e-4 1.050e-4 2.456e-5 1.616e-4 0.0 0.0 0.0 0.0 0.0
1.10 5.537e-4 4.427e-4 3.405e-4 1.340e-4 3.069e-5 1.965e-4 0.0 0.0 0.0 0.0 0.0
1.20 6.244e-4 5.028e-4 3.879e-4 1.546e-4 3.450e-5 2.272e-4 0.0 0.0 0.0 0.0 0.0
1.25 6.729e-4 5.407e-4 4.264e-4 1.681e-4 3.666e-5 2.280e-4 0.0 0.0 0.0 0.0 0.0
1.30 7.104e-4 5.710e-4 4.574e-4 1.795e-4 3.827e-5 2.253e-4 0.0 0.0 0.0 0.0 0.0
1.40 8.048e-4 6.461e-4 5.216e-4 2.036e-4 4.305e-5 2.456e-4 0.0 0.0 0.0 0.0 0.0
1.50 8.836e-4 7.152e-4 5.850e-4 2.310e-4 4.695e-5 2.821e-4 0.0 0.0 0.0 0.0 0.0
1.60 8.959e-4 7.084e-4 6.333e-4 2.353e-4 5.421e-5 3.397e-4 0.0 0.0 0.0 0.0 0.0
1.70 9.869e-4 7.946e-4 6.949e-4 2.681e-4 5.053e-5 2.732e-4 0.0 0.0 3.828e-6 5.612e-5 1.336e-8
1.80 1.060e-3 8.593e-4 7.994e-4 3.067e-4 5.214e-5 2.732e-4 0.0 0.0 3.958e-5 1.531e-4 6.882e-6
1.90 1.098e-3 8.890e-4 8.710e-4 3.315e-4 5.297e-5 2.758e-4 0.0 0.0 8.287e-5 1.541e-4 1.374e-4
2.00 1.157e-3 9.315e-4 9.931e-4 3.703e-4 5.412e-5 3.117e-4 0.0 0.0 5.386e-5 3.387e-4 7.887e-7
2.10 1.032e-3 7.188e-4 1.152e-3 3.470e-4 8.928e-5 7.246e-4 0.0 0.0 4.548e-5 4.676e-4 2.163e-7
2.20 8.239e-4 6.437e-4 7.881e-4 2.941e-4 4.160e-5 2.908e-4 0.0 6.207e-4 3.795e-5 6.144e-4 1.149e-7
2.30 1.190e-4 9.143e-5 1.050e-4 3.919e-5 6.678e-6 5.673e-5 1.950e-3 1.578e-8 1.523e-4 7.633e-4 8.779e-4
2.40 4.101e-5 3.257e-5 4.915e-5 1.817e-5 2.000e-6 1.122e-5 1.833e-4 5.113e-4 3.347e-4 1.017e-3 1.032e-3
2.50 2.804e-5 1.425e-5 3.954e-5 7.333e-6 4.294e-6 3.770e-5 0.0 2.692e-5 5.993e-4 2.126e-3 9.256e-4
3.00 1.235e-9 1.077e-9 0.0 0.0 0.0 1.966e-9 0.0 2.250e-9 1.847e-3 1.087e-2 1.026e-4
3.50 2.516e-9 2.222e-9 1.613e-9 0.0 0.0 4.438e-9 0.0 3.632e-9 2.133e-3 1.448e-2 5.793e-5
4.00 3.752e-9 3.411e-9 2.276e-9 1.408e-9 0.0 6.132e-9 0.0 5.517e-9 2.549e-3 1.707e-2 5.820e-5
4.01 3.815e-9 3.469e-9 2.300e-9 1.422e-9 0.0 6.122e-9 0.0 5.482e-9 2.550e-3 1.709e-2 5.885e-5
4.50 1.763e-3 1.396e-3 2.622e-3 8.934e-4 6.470e-5 1.729e-4 0.0 0.0 2.459e-5 7.382e-5 4.483e-6
5.00 1.834e-3 1.449e-3 2.984e-3 1.010e-3 6.763e-5 1.767e-4 0.0 0.0 7.030e-6 6.068e-5 3.297e-7
5.50 1.877e-3 1.485e-3 3.318e-3 1.117e-3 6.937e-5 1.750e-4 0.0 1.354e-4 0.0 0.0 0.0
6.00 1.934e-3 1.528e-3 3.668e-3 1.228e-3 7.167e-5 1.777e-4 1.242e-5 2.297e-5 1.469e-5 1.239e-5 7.681e-6
6.50 1.987e-3 1.569e-3 4.024e-3 1.340e-3 7.397e-5 1.831e-4 7.084e-6 1.684e-5 1.572e-5 1.327e-5 4.907e-5
7.00 2.028e-3 1.600e-3 4.381e-3 1.452e-3 7.638e-5 1.905e-4 5.351e-6 3.804e-5 1.579e-5 7.799e-6 2.605e-5
