1.00 0.0 0.0 0.0 0.0 0.0 0.0 0.0 0.0 0.0 0.0 0.0
1.10 0.0 0.0 0.0 0.0 0.0 0.0 0.0 0.0 0.0 3.101e-6 0.0
1.20 0.0 0.0 0.0 0.0 0.0 0.0 0.0 0.0 1.275e-9 3.620e-4 0.0
1.25 0.0 0.0 0.0 0.0 0.0 0.0 0.0 0.0 1.743e-9 4.663e-4 0.0
1.30 0.0 0.0 0.0 0.0 0.0 0.0 0.0 0.0 2.822e-9 7.462e-4 0.0
1.40 0.0 0.0 0.0 0.0 0.0 0.0 0.0 0.0 5.096e-9 1.217e-3 0.0
1.50 0.0 0.0 0.0 0.0 0.0 0.0 2.527e-9 0.0 7.099e-9 1.735e-3 0.0
1.60 0.0 0.0 0.0 0.0 0.0 0.0 0.0 0.0 8.149e-9 2.195e-3 0.0
1.70 0.0 0.0 0.0 0.0 0.0 0.0 0.0 0.0 8.617e-9 2.632e-3 0.0
1.80 0.0 0.0 0.0 0.0 0.0 0.0 0.0 0.0 1.013e-8 3.188e-3 0.0
1.90 0.0 0.0 0.0 0.0 0.0 0.0 0.0 0.0 1.150e-8 3.674e-3 0.0
2.00 0.0 0.0 0.0 0.0 0.0 0.0 0.0 0.0 1.318e-8 4.047e-3 0.0
2.10 0.0 0.0 0.0 0.0 0.0 0.0 0.0 0.0 1.415e-8 4.156e-3 0.0
2.20 0.0 0.0 0.0 0.0 0.0 0.0 0.0 0.0 1.559e-8 4.610e-3 0.0
2.30 0.0 0.0 0.0 0.0 0.0 0.0 0.0 0.0 1.704e-8 4.674e-3 0.0
2.40 0.0 0.0 0.0 0.0 0.0 0.0 0.0 0.0 1.843e-8 4.950e-3 0.0
2.50 0.0 0.0 0.0 0.0 0.0 0.0 0.0 0.0 2.024e-8 5.097e-3 0.0
3.00 0.0 0.0 0.0 0.0 0.0 0.0 0.0 0.0 3.049e-8 6.147e-3 0.0
3.50 0.0 0.0 0.0 0.0 0.0 0.0 0.0 0.0 4.078e-8 8.874e-3 0.0
4.00 0.0 0.0 0.0 0.0 0.0 0.0 0.0 0.0 5.399e-8 1.194e-2 0.0
4.01 0.0 0.0 0.0 0.0 0.0 0.0 0.0 0.0 5.429e-8 1.200e-2 0.0
4.50 7.918e-9 3.261e-9 5.418e-9 1.103e-9 1.110e-9 9.549e-9 0.0 0.0 2.000e-8 5.119e-4 1.931e-9
5.00 1.047e-8 4.022e-9 7.056e-9 1.240e-9 1.413e-9 1.219e-8 0.0 0.0 2.269e-8 5.098e-4 2.732e-9
5.50 1.336e-8 4.815e-9 8.881e-9 1.484e-9 1.759e-9 1.531e-8 0.0 0.0 2.399e-8 5.189e-4 2.658e-9
6.00 1.640e-8 5.590e-9 1.072e-8 1.781e-9 2.114e-9 1.855e-8 0.0 0.0 2.527e-8 5.335e-4 2.275e-9
6.50 1.992e-8 6.466e-9 1.281e-8 2.128e-9 2.519e-9 2.229e-8 0.0 0.0 2.768e-8 5.435e-4 2.537e-9
7.00 2.373e-8 7.391e-9 1.507e-8 2.508e-9 2.952e-9 2.634e-8 0.0 0.0 3.052e-8 5.486e-4 3.025e-9