1.00 0.0 0.0 0.0 0.0 0.0 0.0 0.0 0.0 0.0 0.0 0.0
1.10 1.974e-7 1.538e-7 1.015e-7 4.305e-8 1.423e-8 1.896e-7 0.0 0.0 1.876e-8 2.870e-7 2.982e-8
1.20 1.395e-6 1.085e-6 7.034e-7 3.095e-7 1.026e-7 1.440e-6 0.0 0.0 1.265e-6 1.433e-4 8.789e-7
1.25 7.559e-7 6.018e-7 3.728e-7 1.721e-7 5.555e-8 6.965e-7 0.0 2.697e-8 4.326e-6 1.766e-4 1.651e-6
1.30 7.729e-7 6.216e-7 3.838e-7 1.832e-7 5.735e-8 7.543e-7 0.0 2.628e-8 5.022e-6 4.135e-4 6.041e-8
1.40 8.243e-7 6.744e-7 3.963e-7 2.028e-7 6.196e-8 8.762e-7 0.0 0.0 5.923e-6 6.370e-4 6.760e-8
1.50 0.0 0.0 0.0 0.0 0.0 0.0 0.0 0.0 7.079e-6 8.459e-4 4.951e-8
1.60 0.0 0.0 0.0 0.0 0.0 0.0 0.0 0.0 8.829e-6 1.425e-3 3.255e-8
1.70 0.0 0.0 0.0 0.0 0.0 0.0 0.0 0.0 1.006e-5 2.027e-3 1.853e-8
1.80 0.0 0.0 0.0 0.0 0.0 0.0 0.0 0.0 1.075e-5 2.680e-3 1.647e-8
1.90 0.0 0.0 0.0 0.0 0.0 0.0 0.0 0.0 1.181e-5 3.515e-3 1.071e-8
2.00 0.0 0.0 0.0 0.0 0.0 0.0 0.0 0.0 1.314e-5 4.414e-3 1.057e-8
2.10 0.0 0.0 0.0 0.0 0.0 0.0 0.0 0.0 1.430e-5 5.319e-3 9.333e-9
2.20 0.0 0.0 0.0 0.0 0.0 0.0 0.0 0.0 1.452e-5 5.941e-3 9.407e-9
2.30 0.0 0.0 0.0 0.0 0.0 0.0 0.0 0.0 1.586e-5 6.763e-3 9.468e-9
2.40 0.0 0.0 0.0 0.0 0.0 0.0 0.0 0.0 1.811e-5 7.417e-3 9.564e-9
2.50 0.0 0.0 0.0 0.0 0.0 0.0 0.0 0.0 1.867e-5 8.352e-3 9.541e-9
3.00 0.0 0.0 0.0 0.0 0.0 0.0 0.0 0.0 2.673e-5 1.434e-2 9.258e-9
3.50 0.0 0.0 0.0 0.0 0.0 0.0 0.0 0.0 4.243e-5 6.406e-3 2.500e-8
4.00 0.0 0.0 0.0 0.0 0.0 0.0 0.0 0.0 5.424e-5 8.072e-3 2.810e-8
4.01 0.0 0.0 0.0 0.0 0.0 0.0 0.0 0.0 5.448e-5 8.130e-3 2.808e-8
4.50 1.108e-4 8.666e-5 5.988e-5 2.551e-5 7.295e-6 6.689e-5 0.0 2.869e-7 6.921e-6 2.101e-4 5.099e-7
5.00 1.285e-4 9.920e-5 7.088e-5 2.931e-5 8.319e-6 7.444e-5 0.0 0.0 9.286e-6 2.276e-4 2.649e-6
5.50 1.486e-4 1.138e-4 8.282e-5 3.350e-5 9.388e-6 8.000e-5 1.126e-8 1.659e-7 8.813e-6 2.332e-4 8.658e-7
6.00 1.699e-4 1.288e-4 9.651e-5 3.808e-5 1.056e-5 8.725e-5 0.0 1.448e-7 9.480e-6 2.357e-4 1.196e-6
6.50 1.841e-4 1.383e-4 1.064e-4 4.086e-5 1.119e-5 8.809e-5 1.444e-7 2.065e-6 1.063e-5 2.427e-4 1.977e-6
7.00 1.983e-4 1.477e-4 1.168e-4 4.377e-5 1.180e-5 8.890e-5 1.679e-7 2.906e-6 1.062e-5 2.441e-4 1.354e-6